16 80
1 1
2 2
3 3
4 4
5 5
6 6
7 7
8 8
9 9
10 10
11 11
12 12
13 13
14 14
15 15
16 16
1 2
2 1
3 4
4 3
5 6
6 5
7 8
8 7
9 10
10 9
11 12
12 11
13 14
14 13
15 16
16 15
1 3
3 1
2 4
4 2
5 7
7 5
6 8
8 6
9 11
11 9
10 12
12 10
13 15
15 13
14 16
16 14
1 5
5 1
2 6
6 2
3 7
7 3
4 8
8 4
9 13
13 9
10 14
14 10
11 15
15 11
12 16
16 12
1 9
9 1
2 10
10 2
3 11
11 3
4 12
12 4
5 13
13 5
6 14
14 6
7 15
15 7
8 16
16 8


8 32
1 1
2 2
3 3
4 4
5 5
6 6
7 7
8 8
1 2
2 1
3 4
4 3
5 6
6 5
7 8
8 7
1 4
4 1
2 3
3 2
5 8
8 5
6 7
7 6
1 5
5 1
2 6
6 2
3 7
7 3
4 8
8 4

6 12
1 2
2 3
3 1
4 6
6 5
5 4
1 4
4 1
2 5
5 2
3 6
6 3

4 12
1 1
2 2
3 3
4 4
1 2
2 1
3 4
4 3
1 4
4 1
2 3
3 2

2 4
1 1
1 2
2 2
2 1